0,489
0,415
0,473
0,413
0,468
0,400
0,402
0,398
0,485
0,397
0,389
134,4
134,3
134,2
134,1
134,0
0,301
133,3
133,2
133,1
133,0
14,3
132,3
132,2
132,1
132,0
131,5
131,4
13,3
131,3
131,2
131,1
131,0
0,308
130,4
130,3
130,2
0,298
130,1
130,0
129,3
129,2
129,1
129,0
0,272
0,384
0,276
0,275
0,10
0,12
0,271
0,8
0,446
0,443
79,2
79,0
0,528
0,526
0,520
0,519
0,518
0,422
0,268
0,267
0,266
0,265
0,264
0,263
0,262
0,261
0,440
0,260
0,439
0,259
0,258
0,257
0,256
0,255
0,254
0,253
0,252
0,251
0,250
0,249
0,248
0,247
0,429
0,246
0,428
0,245
0,511
0,244
0,242
0,517
0,241
0,516
0,240
0,425
0,239
0,424
0,238
0,483
0,237
0,236
0,235
0,234
0,233
0,231
0,228
0,227
0,224
0,223
0,222
0,212
0,211
0,210
0,209
0,208
0,207
0,206
0,205
0,204
0,203
0,202
0,201
0,59
0,232
0,508
0,419
0,230
0,229
0,226
0,475
0,225
0,5
0,219
0,221
0,220
0,218
0,217
0,216
0,407
0,215
0,406
0,214
0,213
128,4
128,3
128,2
128,1
128,0
127,3
127,2
127,1
127,0
126,3
126,2
126,1
126,0
0,200
0,306
0,199
0,304
0,303
0,300
125,5
125,4
125,3
125,2
125,1
125,0
0,391
0,50
124,4
124,3
124,2
124,1
124,0
123,3
123,2
0,305
123,1
123,0
0,197
0,387
0,193
0,270
0,458
